,C,cache_size,gamma,kernel,score
0,0.03125,500.0,3.0517578125e-05,rbf,0.5
0,0.03125,500.0,0.0001220703125,rbf,0.5
0,0.03125,500.0,0.00048828125,rbf,0.5424632468925484
0,0.03125,500.0,0.001953125,rbf,0.5636633226071045
0,0.03125,500.0,0.0078125,rbf,0.5882074578837782
0,0.03125,500.0,0.03125,rbf,0.614234336551202
0,0.03125,500.0,0.125,rbf,0.5868509054199003
0,0.03125,500.0,0.5,rbf,0.5
0,0.03125,500.0,2.0,rbf,0.5
0,0.125,500.0,3.0517578125e-05,rbf,0.5
0,0.125,500.0,0.0001220703125,rbf,0.5393715691841756
0,0.125,500.0,0.00048828125,rbf,0.5647043977538015
0,0.125,500.0,0.001953125,rbf,0.6147706479904095
0,0.125,500.0,0.0078125,rbf,0.6961322480913622
0,0.125,500.0,0.03125,rbf,0.7078049088270554
0,0.125,500.0,0.125,rbf,0.6669505962521295
0,0.125,500.0,0.5,rbf,0.5666288093886049
0,0.125,500.0,2.0,rbf,0.501388100195596
0,0.5,500.0,3.0517578125e-05,rbf,0.5399394283551012
0,0.5,500.0,0.0001220703125,rbf,0.5647990409489557
0,0.5,500.0,0.00048828125,rbf,0.625843901823459
0,0.5,500.0,0.001953125,rbf,0.7247144930279513
0,0.5,500.0,0.0078125,rbf,0.7414032431068206
0,0.5,500.0,0.03125,rbf,0.7355984604706921
0,0.5,500.0,0.125,rbf,0.712631711779923
0,0.5,500.0,0.5,rbf,0.650545775758723
0,0.5,500.0,2.0,rbf,0.5606031926304499
0,2.0,500.0,3.0517578125e-05,rbf,0.5649883273392643
0,2.0,500.0,0.0001220703125,rbf,0.6280206953120071
0,2.0,500.0,0.00048828125,rbf,0.7313395166887501
0,2.0,500.0,0.001953125,rbf,0.7452205186447094
0,2.0,500.0,0.0078125,rbf,0.7425705091803899
0,2.0,500.0,0.03125,rbf,0.7396365701306076
0,2.0,500.0,0.125,rbf,0.7280270048583507
0,2.0,500.0,0.5,rbf,0.6849643510631586
0,2.0,500.0,2.0,rbf,0.5964098681304815
0,8.0,500.0,3.0517578125e-05,rbf,0.6282415294340337
0,8.0,500.0,0.0001220703125,rbf,0.7336740488358887
0,8.0,500.0,0.00048828125,rbf,0.7461669505962522
0,8.0,500.0,0.001953125,rbf,0.7438639661808316
0,8.0,500.0,0.0078125,rbf,0.7406460975455865
0,8.0,500.0,0.03125,rbf,0.7355984604706921
0,8.0,500.0,0.125,rbf,0.7244936589059247
0,8.0,500.0,0.5,rbf,0.6854060193072118
0,8.0,500.0,2.0,rbf,0.5964729635939175
0,32.0,500.0,3.0517578125e-05,rbf,0.733768692031043
0,32.0,500.0,0.0001220703125,rbf,0.7468610006940501
0,32.0,500.0,0.00048828125,rbf,0.742917534229289
0,32.0,500.0,0.001953125,rbf,0.7393526405451448
0,32.0,500.0,0.0078125,rbf,0.7349359581046123
0,32.0,500.0,0.03125,rbf,0.7285317685658401
0,32.0,500.0,0.125,rbf,0.719319830904158
0,32.0,500.0,0.5,rbf,0.6855953056975204
0,32.0,500.0,2.0,rbf,0.5963783203987634
0,128.0,500.0,3.0517578125e-05,rbf,0.7463246892548425
0,128.0,500.0,0.0001220703125,rbf,0.7420026500094643
0,128.0,500.0,0.00048828125,rbf,0.7383115653984479
0,128.0,500.0,0.001953125,rbf,0.7343996466654048
0,128.0,500.0,0.0078125,rbf,0.7287841504195849
0,128.0,500.0,0.03125,rbf,0.7226323427345573
0,128.0,500.0,0.125,rbf,0.719666855953057
0,128.0,500.0,0.5,rbf,0.6855006625023661
0,128.0,500.0,2.0,rbf,0.5963783203987634
0,512.0,500.0,3.0517578125e-05,rbf,0.742223484131491
0,512.0,500.0,0.0001220703125,rbf,0.7376806107640861
0,512.0,500.0,0.00048828125,rbf,0.7333585715187078
0,512.0,500.0,0.001953125,rbf,0.7295097482491009
0,512.0,500.0,0.0078125,rbf,0.7258817591015206
0,512.0,500.0,0.03125,rbf,0.7182156602940248
0,512.0,500.0,0.125,rbf,0.7190043535869771
0,512.0,500.0,0.5,rbf,0.6855006625023661
0,512.0,500.0,2.0,rbf,0.5963783203987634
0,2048.0,500.0,3.0517578125e-05,rbf,0.7378698971543945
0,2048.0,500.0,0.0001220703125,rbf,0.7335478579090163
0,2048.0,500.0,0.00048828125,rbf,0.7302984415420531
0,2048.0,500.0,0.001953125,rbf,0.7266389046627547
0,2048.0,500.0,0.0078125,rbf,0.7206763833680359
0,2048.0,500.0,0.03125,rbf,0.7159757713420405
0,2048.0,500.0,0.125,rbf,0.718972805855259
0,2048.0,500.0,0.5,rbf,0.6855006625023661
0,2048.0,500.0,2.0,rbf,0.5963783203987634
0,8192.0,500.0,3.0517578125e-05,rbf,0.7329799987380907
0,8192.0,500.0,0.0001220703125,rbf,0.7314341598839044
0,8192.0,500.0,0.00048828125,rbf,0.7283109344438135
0,8192.0,500.0,0.001953125,rbf,0.7240835383935895
0,8192.0,500.0,0.0078125,rbf,0.7159442236103224
0,8192.0,500.0,0.03125,rbf,0.715439459902833
0,8192.0,500.0,0.125,rbf,0.718972805855259
0,8192.0,500.0,0.5,rbf,0.6855006625023661
0,8192.0,500.0,2.0,rbf,0.5963783203987634
0,32768.0,500.0,3.0517578125e-05,rbf,0.7315918985424948
0,32768.0,500.0,0.0001220703125,rbf,0.7272067638336803
0,32768.0,500.0,0.00048828125,rbf,0.7238627042715629
0,32768.0,500.0,0.001953125,rbf,0.7208972174900624
0,32768.0,500.0,0.0078125,rbf,0.7145561234147265
0,32768.0,500.0,0.03125,rbf,0.715439459902833
0,32768.0,500.0,0.125,rbf,0.718972805855259
0,32768.0,500.0,0.5,rbf,0.6855006625023661
0,32768.0,500.0,2.0,rbf,0.5963783203987634
